10
1 (.......)
4 A 5 G 6 C
1 0 0 0 0 0 0 0 0 0 
1 (...........(
6 C 7 C 8 G
0 1 0 0 0 0 0 0 0 0 
1 )...........)
6 C 7 C 8 G
0 1 0 0 0 0 0 0 0 0 
1 (.....(
3 G 4 C 5 G
0 0 1 0 0 0 0 0 0 0 
1 ).....)
3 G 4 C 5 G
0 0 1 0 0 0 0 0 0 0 
1 (...............(
8 C 9 C 10 C
0 0 0 1 0 0 0 0 0 0 
1 )...............)
8 C 9 C 10 C
0 0 0 1 0 0 0 0 0 0 
1 (...............)
8 U 9 G 10 U
0 0 0 0 1 0 0 0 0 0 
1 (.............(
7 C 8 U 9 G
0 0 0 0 0 1 0 0 0 0 
1 ).............)
7 C 8 U 9 G
0 0 0 0 0 1 0 0 0 0 
1 (.........)
5 C 6 U 7 U
0 0 0 0 0 0 1 0 0 0 
1 (.......(
4 A 5 C 6 G
0 0 0 0 0 0 0 1 0 0 
1 ).......)
4 A 5 C 6 G
0 0 0 0 0 0 0 1 0 0 
1 (...........)
6 A 7 C 8 G
0 0 0 0 0 0 0 0 1 0 
1 (.................(
9 A 10 G 11 A
0 0 0 0 0 0 0 0 0 1 
1 ).................)
9 A 10 G 11 A
0 0 0 0 0 0 0 0 0 1 
